+----+------------------+-----+                                                 
|year|  average_distance|    #|
+----+------------------+-----+
|2010|2.4342351304104075| 8212|
|2011|2.4610050761252147| 7232|
|2012|2.5055255745226757| 6532|
|2013| 2.455543758235323| 5838|
|2014| 2.387929444580322| 4526|
|2015| 2.387261321545352| 6763|
|2016| 2.428195036520009| 8100|
|2017| 2.391618931052631| 7786|
|2018|2.4082079744379796| 7413|
|2019|2.4294088128732088| 7129|
|2020|2.3836158389670907| 8487|
|2021|2.3527163780992493| 9745|
|2022| 2.312096006091396|10025|
|2023|2.2659285234391233| 8896|
+----+------------------+-----+