+----+------------------+-----+
|year|  average_distance|    #|
+----+------------------+-----+
|2010| 2.783223419785917| 8212|
|2011| 2.792627777807431| 7232|
|2012|2.8357548501766847| 6532|
|2013| 2.826132495130459| 5838|
|2014|2.7728985198619114| 4526|
|2015|2.7058134792640014| 6763|
|2016|  2.71712670126355| 8100|
|2017|  2.72395610209098| 7786|
|2018|2.7323065125352657| 7413|
|2019|2.7394299042987393| 7129|
|2020|2.6897964610757588| 8487|
|2021|2.6918773930386815|12324|
|2022|2.6081129878209417|10025|
|2023| 2.547571482691284| 8896|
+----+------------------+-----+